633
771
154
432
451
943
154
771
633
810
432
633
154
771
451
154
451
287
771
432
633
920
633
451
432
633
432
576
154
689
724
154
724
392
810
724
689
724
771
633
633
451
432
920
154
576
576
633
633
724
154
920
154
771
633
771
432
451
154
576
633
920
154
724
432
154
432
689
771
392
154
432
154
920
633
810
154
633
432
920
154
920
771
633
633
432
154
633
432
724
633
432
633
154
154
432
810
633
920
920
432
920
154
920
633
633
432
432
432
920
771
771
633
576
724
920
154
724
920
432
810
771
154
920
724
724
724
633
920
154
920
154
771
810
920
287
724
633
154
576
154
724
920
771
154
633
633
432
432
810
724
432
771
943
724
724
724
771
633
154
845
920
633
576
154
154
920
810
633
633
392
724
432
154
633
810
432
154
689
287
633
810
154
451
451
432
154
920
810
724
920
633
920
432
920
432
689
154
633
633
724
432
633
432
287
154
154
432
576
154