59
36
14
14
25
12
12
12
59
91
23
67
34
48
91
56
91
89
48
91
91
91
91
12
91
34
14
91
23
34
34
67
91
59
59
23
23
59
12
12
45
59
23
23
12
12
48
91
12
45
67
59
12
48
45
91
59
12
78
12
12
34
23
23
25
25
36
14
25
34
91
48
91
59
91
34
23
91
12
12
12
91
91
78
91
48
25
91
67
25
78
48
23
59
48
25
25
25
25
48
91
91
14
23
48
45
23
14
91
12
59
14
45
59
59
34
25
25
45
59
12
91
14
67
91
34
91
59
59
67
12
91
91
91
12
91
34
12
91
45
25
89
59
12
12
23
48
91
48
48
91
12
56
36
89
34
45
36
12
23
89
91
91
91
48
91
48
34
59
12
23
91
91
25
36
34
23
34
91
91
12
67
59
23
48
12
12
34
12
12
34
91
59
34
91